0.319554903
0.318380403
0.31769495
0.316572886
0.315085078
0.314010073
0.312751378
0.311221111
0.31000152
0.308584132
0.306840117
0.305396676
0.303872523
0.302022108
0.300522645
0.29913031
0.297278155
0.295489214
0.293958484
0.29218318
0.290357444
0.288832532
0.287198462
0.28535314
0.28382088
0.282389497
0.280457294
0.27848711
0.277034458
0.275512135
0.27355401
0.271743416
0.270209389
0.268525272
0.266851103
0.265628766
0.265018956
0.265292552
0.26671072
0.269255443
0.272926503
0.277213654
0.280473823
0.280691179
0.275790013
0.263350963
0.241691041
0.210659069
0.171300081
0.12639722
0.080536849
0.038746877
0.006200042
-0.011880735
-0.011805041
0.007769397
0.046208295
0.100734449
0.16645953
0.237237409
0.306509762
0.36795925
0.415947571
0.446165568
0.456914546
0.449541186
0.427455934
0.395400114
0.358698654
0.321544259
0.286418345
0.255474566
0.230934315
0.213727615
0.202967878
0.196909898
0.193933022
0.192909012
0.192985649
0.193353583
0.193617929
0.193864004
0.193999902
0.193818269
0.193487487
0.193085013
0.192402411
0.191600356
0.190934182
0.190182477
0.189262977
0.188444931
0.18766848
0.186733887
0.185779922
0.184897104
0.183967024
0.182992717
0.182042506
0.181112035
0.180193123
0.179256212
0.178299821
0.177372712
0.176421785
0.175405053
0.174453471
0.173611631
0.172743968
0.17182559
0.170945854
0.170100114
0.169231975
0.168338339
0.167457058
0.166606962
0.165738492
0.164836027
0.164000836
0.163251882
0.162457842
0.161604649
0.16079901
0.160012241
0.159172286
0.158430402
0.157751287
0.15707451
0.156371411
0.155693627
0.155054175
0.154397972
0.153700287
0.153006287
0.152349799
0.151685255
0.150967864
0.150264145
0.149661109
0.149106601
0.148494268
0.1478422
0.147227616
0.14663646
0.146017458
0.145385536
0.144773828
0.144168373
0.143546843
0.142927769
0.142338457
0.14174572
0.141078012
0.140338316
0.139596173
0.138837313
0.137960712
0.136929228
0.135755534
0.134370948
0.132659482
0.13054207
0.127918465
0.124634353
0.120560186
0.115612203
0.10973716
0.102999205
0.095674294
0.08827365
0.081639154
0.07714181
0.076814096
0.083372694
0.10023487
0.131497982
0.181714755
0.255411163
0.356438904
0.487171854
0.647457892
0.833427377
1.036484571
1.242724645
1.432908402
1.583257875
1.667356487
1.659167253
1.536938442
1.287590102
0.910908558
0.422703302
-0.143912826
-0.739911028
-1.304873062
-1.774387755
-2.089378255
-2.206040096
-2.10461946
-1.794955179
-1.31717892
-0.736996878
-0.135956554
0.401904134
0.804554109
1.024567708
1.047100482
0.891490129
0.606069649
0.257308119
-0.084274796
-0.358258325
-0.525418661
-0.573432791
-0.51619934
-0.387388196
-0.230197567
-0.086051146
0.014975542
0.059767485
0.052707373
0.011492204
-0.040132272
-0.080398961
-0.095911328
-0.084528419
-0.054083014
-0.017796112
0.011643599
0.027044253
0.028870319
