-0.131029497
-0.125695571
-0.119981456
-0.115338835
-0.110985635
-0.105892526
-0.101509629
-0.098007658
-0.09379565
-0.089617945
-0.086518074
-0.083033813
-0.079031068
-0.076163396
-0.073602412
-0.070024093
-0.066891161
-0.064864466
-0.062303865
-0.059162579
-0.056769762
-0.05469502
-0.052210063
-0.050024656
-0.048155852
-0.045956984
-0.044011193
-0.042486685
-0.04055256
-0.038608016
-0.037197127
-0.035626742
-0.033863105
-0.032381553
-0.03087923
-0.029410546
-0.02828629
-0.027055458
-0.025612674
-0.024437229
-0.023415008
-0.022217266
-0.020989845
-0.019957228
-0.019105564
-0.018189534
-0.017109941
-0.016219833
-0.015559152
-0.014603742
-0.013478666
-0.012812734
-0.012259109
-0.011220302
-0.010288268
-0.009939792
-0.009454953
-0.008579911
-0.007966537
-0.007550902
-0.006866096
-0.006173014
-0.0056467
-0.005074891
-0.004594554
-0.004162843
-0.003501759
-0.003001507
-0.002833878
-0.002370271
-0.001702799
-0.001396132
-0.001077562
-0.000530087
-0.00026935
-7.30412E-05
0.000508002
0.000941436
0.001006036
0.001319376
0.00187376
0.002181961
0.002373004
0.002696811
0.002996764
0.003187175
0.003380146
0.003631189
0.003901509
0.0041152
0.004308578
0.004591889
0.004878857
0.00504968
0.00521976
0.005456332
0.00564431
0.005778954
0.005944071
0.006138113
0.00634567
0.006519595
0.006601854
0.006702944
0.006905752
0.007054252
0.007119999
0.007290158
0.007505872
0.007583783
0.007655402
0.007852573
0.008000022
0.008028957
0.00810367
0.008234308
0.008312589
0.008383523
0.008516189
0.008652617
0.00873136
0.008774473
0.008847035
0.008952996
0.00902593
0.009028961
0.009066294
0.009205031
0.009329796
0.00935335
0.009369279
0.009459132
0.009560301
0.009595663
0.009577431
0.009571302
0.009616032
0.009675129
0.009714503
0.009782794
0.009889722
0.009938494
0.00992482
0.009973244
0.010073212
0.010082328
0.01001274
0.009989389
0.009996607
0.00995548
0.009895766
0.009832325
0.009679115
0.009416269
0.009114537
0.008744016
0.008181742
0.00740092
0.006444089
0.005243586
0.00365827
0.001645016
-0.000782063
-0.003711431
-0.007268489
-0.011428298
-0.016047401
-0.020985053
-0.02599229
-0.030537611
-0.033840238
-0.034902013
-0.032358182
-0.024392564
-0.008804853
0.016973496
0.05583974
0.110769871
0.184523466
0.279383353
0.39665502
0.53594463
0.694587744
0.86722052
1.04526379
1.216589715
1.365801133
1.475057319
1.525276765
1.497913727
1.377404546
1.153909041
0.825898569
0.402311748
-0.096112254
-0.636884252
-1.177584881
-1.669479917
-2.062718046
-2.312675807
-2.386619548
-2.26952061
-1.967927931
-1.511090515
-0.948726369
-0.345248605
0.228866165
0.707126791
1.036886618
1.187403518
1.154463154
0.96045565
0.649910791
0.28139524
-0.082846599
-0.387616557
-0.593645668
-0.682923113
-0.659755637
-0.54762917
-0.382596916
-0.204727068
-0.049655656
0.057968871
0.108038877
0.105038984
0.064754526
0.008642237
-0.042471271
-0.073634703
-0.078707736
-0.060445602
-0.027972801
0.007345527
0.036110007
0.053697013
0.060847208
0.062118133
0.063061226
0.067371764
