-0.682178586
-0.657655517
-0.635695991
-0.61650083
-0.599510225
-0.584177232
-0.570153431
-0.557088749
-0.544804726
-0.533152022
-0.52196722
-0.511293057
-0.501135294
-0.491324745
-0.481861309
-0.472818346
-0.464103929
-0.455703361
-0.447670783
-0.439905961
-0.432297871
-0.424868034
-0.417695116
-0.41080968
-0.404168347
-0.397737338
-0.391508342
-0.385448201
-0.380114364
-0.374890338
-0.369767761
-0.364725578
-0.359764037
-0.354947153
-0.35030932
-0.345758251
-0.341268067
-0.336983285
-0.332884318
-0.32875079
-0.324614228
-0.320662963
-0.316791857
-0.312869026
-0.309078775
-0.305535988
-0.30208326
-0.298648621
-0.295284891
-0.291939323
-0.288568485
-0.285250838
-0.282021596
-0.278861908
-0.275813591
-0.272892011
-0.270029295
-0.267198069
-0.264428549
-0.261714644
-0.259017327
-0.256318358
-0.253640485
-0.251030538
-0.248507323
-0.246050425
-0.243651488
-0.241337803
-0.239114402
-0.236903711
-0.234648595
-0.232441774
-0.230360237
-0.228298066
-0.226190449
-0.224142607
-0.22215966
-0.220105102
-0.217996194
-0.215965695
-0.213973344
-0.211895763
-0.209792886
-0.207804701
-0.20591702
-0.204040081
-0.202178577
-0.200374647
-0.198607409
-0.19684011
-0.19508092
-0.19335371
-0.191652803
-0.189963073
-0.18831373
-0.186743227
-0.185211701
-0.183649862
-0.182062361
-0.180476182
-0.178878336
-0.17728549
-0.175745818
-0.174247988
-0.17275703
-0.171304573
-0.169941432
-0.16866073
-0.167425591
-0.166198666
-0.164875178
-0.163202476
-0.160800986
-0.157252781
-0.15216495
-0.145271626
-0.136689696
-0.127219909
-0.118448164
-0.112569815
-0.112079138
-0.119449593
-0.136727922
-0.164944609
-0.203504154
-0.249838906
-0.299485296
-0.346680933
-0.385412885
-0.410452424
-0.417945104
-0.405683361
-0.373366687
-0.322821338
-0.258031728
-0.184896193
-0.110522952
-0.042046615
0.014558929
0.055181587
0.077834943
0.082721806
0.072044632
0.049460909
0.019343487
-0.013930429
-0.046580291
-0.075852666
-0.100168562
-0.118978589
-0.132484257
-0.141372356
-0.146574358
-0.14904518
-0.149627638
-0.149023852
-0.147793478
-0.146336148
-0.144909078
-0.143697078
-0.142865789
-0.142557224
-0.142880697
-0.143943983
-0.145874857
-0.148784923
-0.152722715
-0.157649016
-0.163373559
-0.169434721
-0.174995379
-0.178639115
-0.178292039
-0.172421877
-0.158666155
-0.134024735
-0.095137954
-0.03849742
0.039168101
0.140428135
0.266537703
0.416744005
0.587556071
0.772111234
0.959773948
1.13608814
1.283239524
1.381161837
1.409344948
1.349229114
1.187011638
0.916616584
0.542365821
0.080787915
-0.438937615
-0.976279113
-1.482615862
-1.906384116
-2.199601845
-2.32491925
-2.2620922
-2.012659267
-1.601723976
-1.076127915
-0.498892381
0.059488096
0.531597903
0.863667421
1.02416794
1.008690588
0.839992579
0.563036535
0.23594174
-0.0812809
-0.337834579
-0.500758827
-0.559303259
-0.524276411
-0.422822609
-0.290188476
-0.160682285
-0.060076403
-0.001181801
0.016648079
0.004468326
-0.021531038
-0.04573784
-0.057564884
-0.053504163
-0.036556655
-0.013675179
0.00761528
0.02216477
