0.109095594
0.111136836
0.112964617
0.114753582
0.116447959
0.117700583
0.118939177
0.120323997
0.121246595
0.121967395
0.122813491
0.123242804
0.123440659
0.123816677
0.123910668
0.123760077
0.123687075
0.123308909
0.122683803
0.12223078
0.121665065
0.12076994
0.119613615
0.117753212
0.114556946
0.109462801
0.101721845
0.090741377
0.076645965
0.060842733
0.046409997
0.03850533
0.045298671
0.07719754
0.143858636
0.252188223
0.404013407
0.591363794
0.794295569
0.98337663
1.123196697
1.178085886
1.134301132
0.994292333
0.763367947
0.460315393
0.11537766
-0.234250862
-0.550890953
-0.801855322
-0.964780106
-1.030777354
-1.004240747
-0.90070314
-0.742936511
-0.556122572
-0.364068296
-0.186753876
-0.038152308
0.074506588
0.149803953
0.191241837
0.205954935
0.202549467
0.189137303
0.171986626
0.155076015
0.140669313
0.129697953
0.1217134
0.115792721
0.111570641
0.108734043
0.106504313
0.104421262
0.102690277
0.101362823
0.10008264
0.098734205
0.097528592
0.096544209
0.095701735
0.094935397
0.094195104
0.093519814
0.09298048
0.092468658
0.091899614
0.091417166
0.091010127
0.09047891
0.089943287
0.089615505
0.089304604
0.088860071
0.088494565
0.088241747
0.087880075
0.087434275
0.087071198
0.086757781
0.086406473
0.086032995
0.08568965
0.085403874
0.085113505
0.084747609
0.084386854
0.084097313
0.083768947
0.083371709
0.083047674
0.082821895
0.082582484
0.082305161
0.082032091
0.081768912
0.08149781
0.081181268
0.080820996
0.080500384
0.080222953
0.079879189
0.079495311
0.079216173
0.079009907
0.078742117
0.078458484
0.078260508
0.078083067
0.077860592
0.077686864
0.077636082
0.077644285
0.077660619
0.077737931
0.077917097
0.078136525
0.078312192
0.078443762
0.078560615
0.078608528
0.078514557
0.078338075
0.07826348
0.078553162
0.079662228
0.082360268
0.087693201
0.096827772
0.11071665
0.129498352
0.151776984
0.173942373
0.1896921
0.190178992
0.165183165
0.105282535
0.00465163
-0.136181516
-0.308483839
-0.494962717
-0.671209346
-0.809187983
-0.882398283
-0.871365075
-0.768087207
-0.578644791
-0.323143461
-0.032304298
0.258652158
0.516732751
0.716411504
0.842455487
0.890517705
0.866153263
0.782921426
0.659977162
0.519232912
0.382236605
0.267401874
0.188322496
0.153288111
0.165665862
0.22487132
0.327534804
0.468245119
0.639612872
0.831921553
1.032630551
1.22591467
1.392624429
1.511020241
1.558360242
1.513350669
1.359357082
1.08792536
0.702026855
0.218502232
-0.330990073
-0.901268523
-1.437441543
-1.880990953
-2.177609569
-2.28584447
-2.185005102
-1.88063025
-1.406178216
-0.820155727
-0.198585646
0.376328438
0.829465076
1.105469555
1.178313585
1.055646239
0.776781599
0.404540093
0.012599754
-0.328990369
-0.567064926
-0.674461651
-0.653047978
-0.530271253
-0.350384246
-0.162617953
-0.009287174
0.083177096
0.108250983
0.0778721
0.016369276
-0.048254321
-0.092958945
-0.105646498
-0.086981538
-0.047952247
-0.004324224
0.029865725
0.04729173
