-0.129076402
-0.124120393
-0.11849935
-0.113333616
-0.109153303
-0.104430768
-0.099602589
-0.095978301
-0.092256116
-0.087872198
-0.084402229
-0.081335436
-0.077438479
-0.074095269
-0.071699468
-0.068498014
-0.065041955
-0.062844587
-0.060646905
-0.057500074
-0.054827644
-0.052911657
-0.050614049
-0.048232131
-0.046367459
-0.044381656
-0.042305853
-0.040706489
-0.038981311
-0.036978573
-0.035459439
-0.034050954
-0.032275194
-0.030700725
-0.029339247
-0.027909004
-0.026707608
-0.025545461
-0.024131622
-0.022907552
-0.021924037
-0.020758013
-0.019536178
-0.018551842
-0.017710343
-0.016792644
-0.015758147
-0.014857449
-0.014154939
-0.013247292
-0.01217115
-0.011473776
-0.010927926
-0.009961619
-0.009057201
-0.008718805
-0.008275158
-0.007384909
-0.00672831
-0.006408406
-0.005840794
-0.005145192
-0.004668126
-0.004234119
-0.003745185
-0.003348122
-0.00286943
-0.002293285
-0.002007587
-0.001832821
-0.0012954
-0.000737548
-0.000514295
-0.000186789
0.000318701
0.000534946
0.000694271
0.001220804
0.001680673
0.001757813
0.001939623
0.002419541
0.002800706
0.003001319
0.003261289
0.003580673
0.003831311
0.004011249
0.004192174
0.004434496
0.004689142
0.004859908
0.005024819
0.005296881
0.005571738
0.005753769
0.005940187
0.006169938
0.00636789
0.006536939
0.006694395
0.006820964
0.006993106
0.007244352
0.007420195
0.007487989
0.007635113
0.007857421
0.007965062
0.008020718
0.008207404
0.008423979
0.008515627
0.008596178
0.008777156
0.008955826
0.009064862
0.009175208
0.009313867
0.009436329
0.009521412
0.009588371
0.009695417
0.009868138
0.010012433
0.010067815
0.01015086
0.010330477
0.010475065
0.010510903
0.010554527
0.010684524
0.010837233
0.010942264
0.011008892
0.01110643
0.011267253
0.011413027
0.011490561
0.011578172
0.01169592
0.011744423
0.011759051
0.011883853
0.012065535
0.012156281
0.012218421
0.012370457
0.012542729
0.012657258
0.012773667
0.012903156
0.012973525
0.013020782
0.013138214
0.013276908
0.013335328
0.013352694
0.013407222
0.013436868
0.013346865
0.013174675
0.012969719
0.012636961
0.012072718
0.011306542
0.010347105
0.009063209
0.007343404
0.005173896
0.00249674
-0.000791751
-0.004694902
-0.009128654
-0.013969225
-0.018934196
-0.023521532
-0.027057395
-0.028571396
-0.026613867
-0.019318789
-0.004481113
0.020597714
0.059148689
0.114640735
0.190485508
0.289823384
0.415007821
0.566724042
0.74306724
0.938659245
1.143709274
1.343260634
1.51708033
1.640453061
1.685982517
1.626530276
1.439269242
1.11038458
0.639616122
0.043811502
-0.641369762
-1.362531704
-2.052901521
-2.639618852
-3.053105164
-3.237467121
-3.16024051
-2.819212236
-2.244725908
-1.497199187
-0.660129543
0.171038463
0.902920251
1.458436638
1.788171328
1.876506879
1.741695013
1.43052505
1.009141252
0.551610521
0.127748552
-0.207892186
-0.423650308
-0.513413905
-0.494094257
-0.398920651
-0.268291869
-0.140305304
-0.0430886
0.009493607
0.018172237
-0.004918928
-0.041764153
-0.074659564
-0.091311026
-0.087455679
-0.066503132
-0.036718769
-0.007251078
0.015412426
0.029296233
0.036630701
0.041838939
0.048909515
