-0.315200152
-0.308441044
-0.301875692
-0.295459183
-0.289345064
-0.283472121
-0.277657004
-0.272075266
-0.266823498
-0.261659515
-0.256637131
-0.251882881
-0.247226973
-0.242688421
-0.238373726
-0.234141926
-0.22997601
-0.225993238
-0.222139102
-0.21840524
-0.214834594
-0.211288908
-0.207746026
-0.204350734
-0.201061212
-0.197836997
-0.194778719
-0.191838935
-0.188944609
-0.186171939
-0.183497993
-0.180818463
-0.178154565
-0.175539715
-0.172974978
-0.170510803
-0.168132314
-0.1657961
-0.163568673
-0.161437504
-0.15927802
-0.157110362
-0.154986775
-0.152813306
-0.150593521
-0.148491972
-0.146536559
-0.144613542
-0.14268056
-0.14064493
-0.138164291
-0.134829057
-0.130390342
-0.124682199
-0.117631559
-0.109610036
-0.101712627
-0.095750132
-0.094134618
-0.099524272
-0.114085724
-0.138788624
-0.169351969
-0.206128397
-0.24618069
-0.285539113
-0.319596458
-0.343747311
-0.354165428
-0.348478415
-0.325980725
-0.28758914
-0.235733068
-0.174128174
-0.107549388
-0.041558971
0.018123653
0.066558554
0.100297024
0.117663899
0.118839805
0.105763823
0.081676995
0.050447436
0.016044267
-0.017850231
-0.048311413
-0.073541503
-0.092841607
-0.106333451
-0.114718738
-0.1190636
-0.120513792
-0.120047664
-0.118411836
-0.116191052
-0.113830614
-0.111579673
-0.109512124
-0.107640671
-0.105966842
-0.104460167
-0.103080464
-0.10182025
-0.100686838
-0.09966016
-0.09870145
-0.097801311
-0.096979911
-0.0962234
-0.095478566
-0.09473026
-0.094005077
-0.093297147
-0.092583338
-0.091889528
-0.091254918
-0.090670555
-0.090111299
-0.089575511
-0.08906189
-0.088553148
-0.088034591
-0.087508854
-0.086992626
-0.086493622
-0.085995387
-0.085492504
-0.085020373
-0.084603684
-0.084208613
-0.083796965
-0.08338042
-0.082973601
-0.082554899
-0.082120275
-0.081711244
-0.081348599
-0.081001151
-0.080651615
-0.080327938
-0.080039881
-0.079749859
-0.079435568
-0.079119858
-0.078816834
-0.078510834
-0.078204151
-0.077925772
-0.077684116
-0.077460067
-0.077244199
-0.077042659
-0.076855095
-0.076674962
-0.076507535
-0.076373405
-0.076291604
-0.07626438
-0.076290067
-0.076389176
-0.076598279
-0.076942608
-0.07744202
-0.078139996
-0.079104179
-0.080410652
-0.082148659
-0.084424009
-0.087334522
-0.090943654
-0.09527064
-0.100263041
-0.105722413
-0.11120928
-0.115967937
-0.118862787
-0.118297993
-0.11214711
-0.097747455
-0.071969221
-0.031368033
0.02751885
0.107708063
0.211199492
0.338354829
0.487259054
0.65317341
0.828229628
1.001456406
1.159226179
1.286245144
1.367074611
1.387932504
1.338443867
1.213098135
1.012275461
0.742806157
0.418110021
0.057918016
-0.312558575
-0.66419862
-0.966387595
-1.19026592
-1.312658242
-1.320310456
-1.213727858
-1.009562716
-0.740364915
-0.45083153
-0.190549132
-0.004385406
0.077301709
0.046030733
-0.082125381
-0.250397791
-0.431254204
-0.587847431
-0.688934593
-0.714751846
-0.660295173
-0.535912538
-0.364521793
-0.176314542
-0.002290433
0.132135927
0.211892767
0.234365422
0.208500506
0.151473213
0.083816101
0.024261113
-0.014257506
-0.02663491
-0.015431525
0.011220136
0.042882184
0.070168355
0.087219496
0.092805641
0.089873284
0.083857553
0.080500563
