0.157019546
0.158422447
0.159697296
0.160781096
0.161777936
0.162715984
0.163480211
0.164067768
0.164588015
0.165013745
0.165284654
0.16548388
0.165656641
0.165741253
0.165746513
0.165711903
0.16558552
0.16534332
0.165040004
0.164708933
0.164386278
0.164081382
0.163703511
0.16320351
0.162625106
0.161973678
0.161224386
0.160377502
0.159455668
0.158501672
0.157524333
0.156506435
0.155448867
0.15429628
0.152981846
0.151480041
0.149548758
0.146740789
0.142717165
0.136977803
0.128676165
0.117367113
0.103500841
0.088456858
0.075412975
0.070262986
0.078612434
0.106114121
0.159516761
0.244300848
0.362785572
0.512337108
0.684119451
0.862488733
1.025953691
1.149714511
1.209272831
1.184801799
1.06554838
0.853137577
0.562892851
0.222690723
-0.130846081
-0.458143246
-0.723248998
-0.899949157
-0.975886117
-0.953584629
-0.848518447
-0.68508057
-0.491507242
-0.294862593
-0.117016772
0.027703462
0.132909922
0.199098089
0.231879076
0.23970612
0.231465315
0.214822241
0.19560393
0.17763423
0.162772389
0.15140371
0.143175636
0.137462795
0.133547492
0.130770575
0.128648319
0.126887469
0.125340574
0.123922961
0.122567379
0.121272391
0.120080056
0.118962272
0.117864619
0.116824381
0.115886352
0.115013581
0.114197989
0.113482622
0.112830875
0.112165434
0.1115007
0.110881218
0.110279641
0.109657319
0.109033938
0.108445624
0.107893917
0.107361145
0.106848908
0.106369561
0.105904202
0.105416916
0.104908267
0.104401515
0.103896488
0.103385772
0.102883961
0.102410894
0.101970722
0.101549659
0.101130091
0.100719307
0.100335093
0.09995234
0.099529713
0.099089178
0.098683929
0.098310979
0.097944433
0.097603511
0.097303531
0.097006738
0.09668698
0.096371134
0.096077843
0.095788913
0.095504076
0.095259597
0.095078046
0.094948204
0.09486246
0.094832098
0.094850783
0.094873643
0.094850354
0.094758279
0.09459523
0.09437255
0.09414707
0.094087224
0.094572733
0.096289924
0.100207354
0.107383595
0.118703174
0.134563142
0.154329304
0.175485235
0.192854068
0.198548702
0.182997405
0.136816008
0.053070603
-0.070391041
-0.228881877
-0.409684606
-0.592345182
-0.750775358
-0.857166466
-0.887301054
-0.826156392
-0.672132882
-0.438415265
-0.15086533
0.157054858
0.450956637
0.702054645
0.892064991
1.015617406
1.079934506
1.102013511
1.104028706
1.10803702
1.131071645
1.181446922
1.256820597
1.344241589
1.422005336
1.462875128
1.438219995
1.322641806
1.098597006
0.76048554
0.317679104
-0.204088402
-0.76352598
-1.30713476
-1.775107259
-2.10933023
-2.262488933
-2.20680409
-1.940737443
-1.492072446
-0.916168
-0.289018107
0.304125544
0.78276072
1.085202422
1.179799126
1.070688868
0.79653744
0.422253869
0.025319135
-0.320285552
-0.558861794
-0.663032124
-0.636762982
-0.510917558
-0.332823507
-0.152882458
-0.011930744
0.067357946
0.083104559
0.050813573
-0.004385834
-0.056980984
-0.088776806
-0.092909163
-0.073488678
-0.041686012
-0.010154966
0.011966645
0.021770412
