-0.134836516
-0.129179261
-0.123596648
-0.119101226
-0.114434829
-0.109270778
-0.105088373
-0.101384832
-0.096948263
-0.092953164
-0.089877472
-0.086142767
-0.082128849
-0.079339082
-0.076648142
-0.072994706
-0.069875683
-0.067746293
-0.065110954
-0.062048896
-0.059664562
-0.05739873
-0.054809666
-0.052709308
-0.050776289
-0.048411702
-0.046482694
-0.044970949
-0.04295725
-0.041003752
-0.039549927
-0.037900119
-0.036179556
-0.034719301
-0.033093454
-0.031496216
-0.030330651
-0.029129398
-0.027690138
-0.026423139
-0.025358758
-0.024230678
-0.022972962
-0.021770917
-0.020855396
-0.020011534
-0.018896026
-0.017870454
-0.017252412
-0.016442288
-0.015220948
-0.014362826
-0.013892764
-0.012975723
-0.011845039
-0.011278509
-0.010860891
-0.01007048
-0.009383175
-0.008927166
-0.008296549
-0.007644612
-0.00708039
-0.006380651
-0.005840605
-0.005523907
-0.00487168
-0.004154611
-0.003923249
-0.00360895
-0.002941577
-0.002547637
-0.002260412
-0.001646096
-0.001240304
-0.001155331
-0.000722083
-0.000114811
0.000112979
0.000279832
0.000712814
0.001134241
0.001428359
0.001734115
0.002051349
0.002336039
0.002562387
0.002747063
0.002999042
0.003284115
0.00347336
0.003669167
0.003974741
0.004245137
0.004422287
0.004622171
0.004853884
0.005059727
0.005229115
0.00536328
0.005541608
0.005807343
0.005994816
0.006051786
0.006188472
0.006403146
0.006491836
0.006557199
0.006777232
0.006979983
0.007045239
0.007159406
0.007364985
0.007497874
0.007564322
0.007666333
0.007773187
0.007842272
0.00791111
0.008020174
0.008170555
0.008294573
0.008340272
0.00840271
0.008544674
0.008634026
0.008623156
0.008671895
0.008820541
0.008930064
0.008965944
0.0090185
0.009123611
0.009224595
0.009252965
0.009237927
0.009268343
0.009321766
0.009345238
0.009417775
0.00955046
0.00959911
0.009583079
0.009658772
0.009758949
0.009737917
0.009680141
0.009681188
0.009669012
0.00961577
0.00957149
0.009496558
0.009306807
0.00903549
0.008739485
0.008342981
0.007742375
0.00694908
0.005985562
0.004750941
0.003120173
0.001077282
-0.001379055
-0.00436372
-0.007992383
-0.012227302
-0.016955369
-0.022075478
-0.027351657
-0.032283418
-0.036169944
-0.038099654
-0.036789851
-0.030544266
-0.017309285
0.005361493
0.04026932
0.090319611
0.158291076
0.246640898
0.357029706
0.489639544
0.642655772
0.811843799
0.989987004
1.166466074
1.327376838
1.45611651
1.534305908
1.543257515
1.466112422
1.290359863
1.010372168
0.629716683
0.162904899
-0.36394726
-0.913985276
-1.442155422
-1.89936071
-2.238011068
-2.418375124
-2.414731367
-2.220277589
-1.849963039
-1.340474484
-0.746814003
-0.135660802
0.42347365
0.867992767
1.15143617
1.250484003
1.168227491
0.933074166
0.593553863
0.209830377
-0.15666792
-0.453448277
-0.644958756
-0.717084807
-0.677550551
-0.552245586
-0.378332504
-0.195819547
-0.039505544
0.06716484
0.115296243
0.110281962
0.068336617
0.010917387
-0.041356363
-0.073710295
-0.080011368
-0.062835142
-0.031023308
0.004287145
0.033709271
0.052370186
0.060628406
0.062763258
0.064370616
0.069608064
0.079350298
