-0.124493084
-0.118750109
-0.113840583
-0.109454641
-0.104435502
-0.099747916
-0.096056785
-0.092022742
-0.087708863
-0.084365738
-0.081098329
-0.077086265
-0.073772872
-0.071290609
-0.068060855
-0.064586167
-0.062201037
-0.059979437
-0.057006846
-0.054303109
-0.052168136
-0.049782162
-0.047475463
-0.045554888
-0.043404511
-0.041369648
-0.039802094
-0.037948258
-0.035984063
-0.034499813
-0.032948934
-0.031238093
-0.029784363
-0.028238465
-0.026641672
-0.025466278
-0.024324468
-0.022929974
-0.021690355
-0.020642844
-0.019532458
-0.018339439
-0.017169309
-0.016236096
-0.015457683
-0.014424127
-0.013362884
-0.012735348
-0.012035732
-0.010858028
-0.009942332
-0.009517778
-0.00871963
-0.007582977
-0.006985206
-0.006670296
-0.005947252
-0.005204363
-0.00477318
-0.00424029
-0.003578956
-0.002991782
-0.002370966
-0.001886353
-0.001560929
-0.00093301
-0.000266656
-7.33025E-05
0.000208414
0.000866759
0.001258253
0.001496872
0.002051175
0.002446783
0.002537713
0.002939826
0.003500222
0.003702153
0.003854942
0.004274178
0.004683146
0.00494222
0.005194192
0.005490543
0.005767691
0.005942487
0.006085167
0.006351204
0.006626683
0.006766634
0.006956099
0.007272036
0.007499547
0.007632932
0.007832778
0.008050604
0.008205626
0.008338892
0.008477642
0.008663323
0.008890453
0.009015824
0.009055498
0.009203367
0.009391871
0.00944863
0.00952714
0.009749707
0.009905883
0.009936778
0.010052242
0.010244159
0.010336528
0.01036882
0.010455571
0.010553567
0.010608297
0.010669227
0.010788741
0.010927615
0.010994805
0.011009025
0.011092348
0.011215222
0.011234932
0.01121793
0.011322784
0.011467724
0.01150834
0.011514415
0.011593629
0.011696556
0.011728194
0.011697562
0.011679941
0.011722656
0.011766737
0.011776683
0.011834605
0.011950729
0.011995374
0.011961912
0.011996518
0.012092566
0.012100936
0.012028874
0.011996211
0.011991514
0.011943518
0.011878114
0.011811356
0.011667603
0.011417766
0.011117461
0.010753073
0.010220121
0.009476568
0.008554956
0.007406066
0.005890814
0.003946656
0.001593508
-0.001239584
-0.004697932
-0.00879435
-0.013400903
-0.018396406
-0.023590364
-0.028526917
-0.032496063
-0.034588157
-0.033561519
-0.027735515
-0.015033748
0.007005978
0.04120783
0.090542728
0.157865832
0.245689768
0.35573108
0.488219723
0.641320195
0.810684444
0.988905233
1.165076853
1.32489217
1.451284381
1.525447039
1.528379506
1.443117406
1.257396133
0.966307413
0.5746375
0.098563697
-0.433806187
-0.983542413
-1.503809396
-1.944444797
-2.257885185
-2.405795114
-2.365324724
-2.133852696
-1.731338817
-1.199573971
-0.597873547
0.004449499
0.537635531
0.941561016
1.174803352
1.220973044
1.090879189
0.820085547
0.462391752
0.080330041
-0.265681058
-0.527360558
-0.675763811
-0.704501215
-0.628650361
-0.479688504
-0.297592377
-0.122003032
0.015565376
0.097018339
0.11962311
0.094342503
0.041121804
-0.017445232
-0.062250704
-0.082041446
-0.075077499
-0.047866061
-0.011576604
0.022493415
0.046741028
0.059118032
0.062636001
0.063006934
0.065541376
0.072600042
