-0.906289827
-1.121048876
-1.197836331
-1.141959796
-1.001937014
-0.809356002
-0.597160194
-0.394292306
-0.221380212
-0.089821485
-0.001834192
0.047476859
0.066951221
0.066580411
0.055457905
0.040347894
0.025453344
0.01302999
0.003687981
-0.00291876
-0.007250158
-0.009852324
-0.011404282
-0.012324723
-0.012787026
-0.013042491
-0.013212116
-0.013212417
-0.013106695
-0.012977218
-0.012709474
-0.012279861
-0.01178837
-0.011189735
-0.010483583
-0.009835957
-0.009212623
-0.008491515
-0.007841887
-0.007345147
-0.00675267
-0.006052449
-0.005484186
-0.004940623
-0.004214166
-0.003493613
-0.002940128
-0.002382868
-0.00176067
-0.00118755
-0.00059964
0.000114669
0.00089835
0.001728554
0.002637709
0.003511443
0.004233753
0.004836165
0.005309333
0.005611242
0.005913872
0.006636095
0.00844937
0.012390628
0.019758977
0.031834447
0.049456155
0.072147483
0.097048863
0.118364715
0.127402017
0.113082034
0.063667479
-0.029672813
-0.168714304
-0.345510659
-0.541741953
-0.729815065
-0.87648667
-0.94939337
-0.924668033
-0.79317833
-0.564018962
-0.264215427
0.066147921
0.382247732
0.643485702
0.820773896
0.900882632
0.887118027
0.796512658
0.654711888
0.489957011
0.327562669
0.186121337
0.075917372
-0.000581341
-0.046638612
-0.068641922
-0.073951241
-0.069324918
-0.059942589
-0.049264401
-0.039357024
-0.031142623
-0.024725592
-0.019890284
-0.016353956
-0.013753259
-0.011731529
-0.010075542
-0.008679273
-0.007455517
-0.006345318
-0.005346592
-0.004481953
-0.003746171
-0.003104418
-0.002538597
-0.002054015
-0.001630497
-0.001224437
-0.000832884
-0.000490665
-0.000195243
9.23123E-05
0.000366035
0.00058026
0.000744609
0.000920185
0.001117383
0.001300199
0.001479456
0.001687384
0.001891206
0.002045315
0.002174181
0.002308694
0.002423795
0.002510054
0.002609352
0.002738437
0.002869349
0.002993379
0.003112594
0.003233681
0.003333855
0.003405364
0.003463115
0.003522577
0.003580696
0.003626753
0.003664792
0.003704585
0.00373396
0.003726835
0.00367484
0.003582849
0.003438294
0.003210091
0.002872709
0.002409322
0.001789375
0.000956339
-0.00015707
-0.001614677
-0.003490714
-0.005878696
-0.008858221
-0.012463725
-0.01669557
-0.021511203
-0.026752561
-0.032080616
-0.036953485
-0.040577779
-0.041818535
-0.039141549
-0.030594741
-0.013786769
0.014089088
0.056116393
0.115428127
0.194911836
0.29678308
0.422009078
0.569677672
0.736389264
0.915693096
1.097666082
1.268828771
1.412544292
1.509953571
1.541495548
1.489036122
1.338474055
1.082524614
0.723309664
0.274324172
-0.238722994
-0.778649706
-1.299380727
-1.750372005
-2.082574458
-2.255248429
-2.242622079
-2.039252348
-1.662958902
-1.154401449
-0.572887903
0.011263798
0.526797959
0.912461753
1.126849233
1.155150923
1.011320384
0.735067331
0.384109828
0.023128949
-0.288315865
-0.506345729
-0.609586323
-0.600927302
-0.504058992
-0.355863956
-0.196721927
-0.061188232
0.02876654
0.066572005
0.05966708
0.024803461
-0.018234763
-0.052568427
-0.068256857
-0.063586898
-0.043669455
-0.017229712
0.007078061
0.023593765
