6.047585685
6.102639765
6.157693845
6.212747926
6.267802006
6.322856086
6.377910167
6.432964247
6.488018327
6.543072408
6.598126488
6.653180568
6.708234648
6.763288729
6.818342809
6.873396889
6.92845097
6.98350505
7.03855913
7.093613211
7.148667291
7.203721371
7.258775452
7.313829532
7.368883612
7.423937693
7.478991773
7.534045853
7.589099934
7.644154014
7.699208094
7.754262174
7.809316255
7.864370335
7.919424415
7.974478496
8.029532576
8.084586656
8.139640737
8.194694817
8.249748897
8.304802978
8.359857058
8.414911138
8.469965219
8.525019299
8.574567971
8.624116643
8.673665316
8.723213988
8.77276266
8.822311333
8.871860005
8.921408677
8.970957349
9.020506022
9.070054694
9.119603366
9.169152039
9.218700711
9.268249383
9.317798055
9.367346728
9.4168954
9.466444072
9.515992745
9.565541417
9.615090089
9.664638761
9.714187434
9.763736106
9.813284778
9.862833451
9.912382123
9.961930795
10.01147947
10.06102814
10.11057681
10.16012548
10.20967416
10.25922283
10.3087715
10.35832017
10.40786885
10.45741752
10.50696619
10.55651486
10.60606353
10.65561221
10.70516088
10.75470955
10.80425822
10.8538069
10.90335557
10.95290424
11.00245291
11.05200159
11.10155026
11.15109893
11.2006476
11.25019627
11.29974495
11.34929362
11.39884229
11.44839096
11.49793964
11.54748831
11.59703698
11.64658565
11.69613433
11.745683
11.79523167
11.84478034
11.89432901
11.94387769
11.99342636
12.04297503
12.0925237
12.14207238
12.19162105
12.24116972
12.29071839
12.34026706
12.38981574
12.43936441
12.48891308
12.53846175
12.58801043
12.6375591
12.68710777
12.73665644
12.78620512
12.83575379
12.88530246
12.93485113
12.9843998
13.03394848
13.08349715
13.13304582
13.18259449
13.23214317
13.28169184
13.33124051
13.38078918
13.43033786
13.47988653
13.5294352
13.57898387
13.62853254
13.67808122
13.72762989
13.77717856
13.82672723
13.87627591
13.92582458
13.97537325
14.02492192
14.07447059
14.12401927
14.17356794
14.22311661
14.27266528
14.32221396
14.37176263
14.4213113
14.47085997
14.52040865
14.56995732
14.61950599
14.66905466
14.71860333
14.76815201
14.81770068
14.86724935
14.91679802
14.9663467
15.01589537
15.06544404
15.11499271
15.16454138
15.21409006
15.26363873
15.3131874
15.36273607
15.41228475
15.46183342
15.51138209
15.56093076
15.61047944
15.66002811
15.70957678
15.75912545
15.80867412
15.8582228
15.90777147
15.95732014
16.00686881
16.05641749
16.10596616
16.15551483
16.2050635
16.25461218
16.30416085
16.35370952
16.40325819
16.45280686
16.50235554
16.55190421
16.60145288
16.65100155
16.70055023
16.7500989
16.79964757
16.84919624
16.89874491
16.94829359
16.99784226
17.04739093
17.0969396
17.14648828
17.19603695
17.24558562
17.29513429
17.34468297
17.39423164
17.44378031
17.49332898
17.54287765
17.59242633
17.641975
17.69152367
17.74107234
17.79062102
17.84016969
17.88971836
17.93926703
17.98881571
