6.037305104
6.092255943
6.147206781
6.202157619
6.257108457
6.312059295
6.367010133
6.421960971
6.476911809
6.531862647
6.586813485
6.641764323
6.696715161
6.751665999
6.806616837
6.861567675
6.916518513
6.971469351
7.026420189
7.081371027
7.136321865
7.191272703
7.246223541
7.301174379
7.356125217
7.411076055
7.466026893
7.520977731
7.575928569
7.630879407
7.685830245
7.740781083
7.795731921
7.850682759
7.905633597
7.960584435
8.015535273
8.070486111
8.125436949
8.180387787
8.235338625
8.290289463
8.339745218
8.389200972
8.438656726
8.48811248
8.537568234
8.587023989
8.636479743
8.685935497
8.735391251
8.784847005
8.83430276
8.883758514
8.933214268
8.982670022
9.032125777
9.081581531
9.131037285
9.180493039
9.229948793
9.279404548
9.328860302
9.378316056
9.42777181
9.477227565
9.526683319
9.576139073
9.625594827
9.675050581
9.724506336
9.77396209
9.823417844
9.872873598
9.922329353
9.971785107
10.02124086
10.07069662
10.12015237
10.16960812
10.21906388
10.26851963
10.31797539
10.36743114
10.41688689
10.46634265
10.5157984
10.56525416
10.61470991
10.66416567
10.71362142
10.76307717
10.81253293
10.86198868
10.91144444
10.96090019
11.01035595
11.0598117
11.10926745
11.15872321
11.20817896
11.25763472
11.30709047
11.35654622
11.40600198
11.45545773
11.50491349
11.55436924
11.603825
11.65328075
11.7027365
11.75219226
11.80164801
11.85110377
11.90055952
11.95001528
11.99947103
12.04892678
12.09838254
12.14783829
12.19729405
12.2467498
12.29620555
12.34566131
12.39511706
12.44457282
12.49402857
12.54348433
12.59294008
12.64239583
12.69185159
12.74130734
12.7907631
12.84021885
12.88967461
12.93913036
12.98858611
13.03804187
13.08749762
13.13695338
13.18640913
13.23586489
13.28532064
13.33477639
13.38423215
13.4336879
13.48314366
13.53259941
13.58205516
13.63151092
13.68096667
13.73042243
13.77987818
13.82933394
13.87878969
13.92824544
13.9777012
14.02715695
14.07661271
14.12606846
14.17552422
14.22497997
14.27443572
14.32389148
14.37334723
14.42280299
14.47225874
14.52171449
14.57117025
14.620626
14.67008176
14.71953751
14.76899327
14.81844902
14.86790477
14.91736053
14.96681628
15.01627204
15.06572779
15.11518355
15.1646393
15.21409505
15.26355081
15.31300656
15.36246232
15.41191807
15.46137382
15.51082958
15.56028533
15.60974109
15.65919684
15.7086526
15.75810835
15.8075641
15.85701986
15.90647561
15.95593137
16.00538712
16.05484288
16.10429863
16.15375438
16.20321014
16.25266589
16.30212165
16.3515774
16.40103316
16.45048891
16.49994466
16.54940042
16.59885617
16.64831193
16.69776768
16.74722343
16.79667919
16.84613494
16.8955907
16.94504645
16.99450221
17.04395796
17.09341371
17.14286947
17.19232522
17.24178098
17.29123673
17.34069249
17.39014824
17.43960399
17.48905975
17.5385155
17.58797126
17.63742701
17.68688276
17.73633852
17.78579427
17.83525003
17.88470578
17.93416154
17.98361729
