6.032491327
6.086539217
6.140587106
6.194634996
6.248682886
6.302730776
6.356778665
6.410826555
6.464874445
6.518922335
6.572970224
6.627018114
6.681066004
6.735113894
6.789161783
6.843209673
6.897257563
6.951305453
7.005353342
7.059401232
7.113449122
7.167497011
7.221544901
7.275592791
7.329640681
7.38368857
7.43773646
7.49178435
7.54583224
7.599880129
7.653928019
7.707975909
7.762023799
7.816071688
7.870119578
7.924167468
7.978215358
8.032263247
8.086311137
8.140359027
8.194406917
8.248454806
8.302502696
8.356550586
8.410598476
8.464646365
8.518694255
8.572742145
8.626790034
8.680837924
8.734885814
8.788933704
8.842981593
8.897029483
8.951077373
9.005125263
9.059173152
9.113221042
9.167268932
9.221316822
9.275364711
9.329412601
9.378055702
9.426698803
9.475341903
9.523985004
9.572628105
9.621271206
9.669914306
9.718557407
9.767200508
9.815843609
9.86448671
9.91312981
9.961772911
10.01041601
10.05905911
10.10770221
10.15634531
10.20498841
10.25363152
10.30227462
10.35091772
10.39956082
10.44820392
10.49684702
10.54549012
10.59413322
10.64277632
10.69141942
10.74006252
10.78870562
10.83734872
10.88599183
10.93463493
10.98327803
11.03192113
11.08056423
11.12920733
11.17785043
11.22649353
11.27513663
11.32377973
11.37242283
11.42106593
11.46970903
11.51835214
11.56699524
11.61563834
11.66428144
11.71292454
11.76156764
11.81021074
11.85885384
11.90749694
11.95614004
12.00478314
12.05342624
12.10206934
12.15071245
12.19935555
12.24799865
12.29664175
12.34528485
12.39392795
12.44257105
12.49121415
12.53985725
12.58850035
12.63714345
12.68578655
12.73442965
12.78307276
12.83171586
12.88035896
12.92900206
12.97764516
13.02628826
13.07493136
13.12357446
13.17221756
13.22086066
13.26950376
13.31814686
13.36678996
13.41543307
13.46407617
13.51271927
13.56136237
13.61000547
13.65864857
13.70729167
13.75593477
13.80457787
13.85322097
13.90186407
13.95050717
13.99915027
14.04779338
14.09643648
14.14507958
14.19372268
14.24236578
14.29100888
14.33965198
14.38829508
14.43693818
14.48558128
14.53422438
14.58286748
14.63151058
14.68015369
14.72879679
14.77743989
14.82608299
14.87472609
14.92336919
14.97201229
15.02065539
15.06929849
15.11794159
15.16658469
15.21522779
15.26387089
15.312514
15.3611571
15.4098002
15.4584433
15.5070864
15.5557295
15.6043726
15.6530157
15.7016588
15.7503019
15.798945
15.8475881
15.8962312
15.94487431
15.99351741
16.04216051
16.09080361
16.13944671
16.18808981
16.23673291
16.28537601
16.33401911
16.38266221
16.43130531
16.47994841
16.52859151
16.57723462
16.62587772
16.67452082
16.72316392
16.77180702
16.81558581
16.8593646
16.90314339
16.94692218
16.99070097
17.03447976
17.07825855
17.12203734
17.16581613
17.20959493
17.25337372
17.29715251
17.3409313
17.38471009
17.42848888
17.47226767
17.51604646
17.55982525
17.60360404
17.64738283
17.69116162
17.73494041
17.7787192
17.822498
17.86627679
17.91005558
17.95383437
17.99761316
