6.006076082
6.064179681
6.122283279
6.180386877
6.232680115
6.284973354
6.337266592
6.38955983
6.441853069
6.494146307
6.546439546
6.598732784
6.651026022
6.703319261
6.755612499
6.807905737
6.860198976
6.912492214
6.964785452
7.017078691
7.069371929
7.121665168
7.173958406
7.226251644
7.278544883
7.330838121
7.383131359
7.435424598
7.487717836
7.540011074
7.592304313
7.644597551
7.69689079
7.749184028
7.801477266
7.853770505
7.906063743
7.958356981
8.01065022
8.062943458
8.115236696
8.167529935
8.219823173
8.272116412
8.32440965
8.376702888
8.428996127
8.481289365
8.533582603
8.585875842
8.63816908
8.690462318
8.742755557
8.795048795
8.847342034
8.899635272
8.95192851
9.004221749
9.056514987
9.108808225
9.161101464
9.213394702
9.26568794
9.317981179
9.370274417
9.422567656
9.474860894
9.527154132
9.579447371
9.631740609
9.684033847
9.736327086
9.788620324
9.840913562
9.893206801
9.945500039
9.997793278
10.05008652
10.10237975
10.15467299
10.20696623
10.25925947
10.31155271
10.36384595
10.41613918
10.46843242
10.52072566
10.5730189
10.62531214
10.67760538
10.72989861
10.78219185
10.83448509
10.88677833
10.93907157
10.99136481
11.04365804
11.09595128
11.14824452
11.20053776
11.252831
11.30512424
11.35741748
11.40971071
11.46200395
11.51429719
11.56659043
11.61888367
11.67117691
11.72347014
11.77576338
11.82805662
11.88034986
11.9326431
11.98493634
12.03722957
12.08952281
12.14181605
12.19410929
12.24640253
12.29869577
12.350989
12.40328224
12.45557548
12.50786872
12.56016196
12.6124552
12.66474843
12.71704167
12.76933491
12.82162815
12.87392139
12.92621463
12.97850786
13.0308011
13.08309434
13.13538758
13.18768082
13.23997406
13.29226729
13.34456053
13.39685377
13.44914701
13.50144025
13.54850416
13.59556808
13.64263199
13.68969591
13.73675982
13.78382374
13.83088765
13.87795156
13.92501548
13.97207939
14.01914331
14.06620722
14.11327114
14.16033505
14.20739897
14.25446288
14.30152679
14.34859071
14.39565462
14.44271854
14.48978245
14.53684637
14.58391028
14.6309742
14.67803811
14.72510203
14.77216594
14.81922985
14.86629377
14.91335768
14.9604216
15.00748551
15.05454943
15.10161334
15.14867726
15.19574117
15.24280509
15.289869
15.33693291
15.38399683
15.43106074
15.47812466
15.52518857
15.57225249
15.6193164
15.66638032
15.71344423
15.76050815
15.80757206
15.85463597
15.90169989
15.9487638
15.99582772
16.04289163
16.08995555
16.13701946
16.18408338
16.23114729
16.27821121
16.32527512
16.37233903
16.41940295
16.46646686
16.51353078
16.56059469
16.60765861
16.65472252
16.70178644
16.74885035
16.79591426
16.84297818
16.89004209
16.93710601
16.98416992
17.03123384
17.07829775
17.12536167
17.17242558
17.2194895
17.26655341
17.31361732
17.36068124
17.40774515
17.45480907
17.50187298
17.5489369
17.59600081
17.64306473
17.69012864
17.73719256
17.78425647
17.83132038
17.8783843
17.92544821
17.97251213
