6.01202849
6.063617275
6.115206061
6.166794847
6.218383633
6.269972419
6.321561204
6.37314999
6.424738776
6.476327562
6.527916348
6.579505134
6.631093919
6.682682705
6.734271491
6.785860277
6.837449063
6.889037849
6.940626634
6.99221542
7.043804206
7.095392992
7.146981778
7.198570564
7.250159349
7.301748135
7.353336921
7.404925707
7.456514493
7.508103278
7.559692064
7.61128085
7.662869636
7.714458422
7.766047208
7.817635993
7.869224779
7.920813565
7.972402351
8.023991137
8.075579923
8.127168708
8.178757494
8.23034628
8.281935066
8.333523852
8.385112638
8.436701423
8.488290209
8.539878995
8.591467781
8.643056567
8.694645352
8.746234138
8.797822924
8.84941171
8.901000496
8.952589282
9.004178067
9.055766853
9.107355639
9.158944425
9.210533211
9.262121997
9.313710782
9.365299568
9.416888354
9.46847714
9.520065926
9.571654711
9.623243497
9.674832283
9.726421069
9.778009855
9.829598641
9.881187426
9.932776212
9.984364998
10.03595378
10.08754257
10.13913136
10.19072014
10.24230893
10.29389771
10.3454865
10.39707528
10.44866407
10.50025286
10.55184164
10.60343043
10.65501921
10.706608
10.75819679
10.80978557
10.86137436
10.91296314
10.96455193
11.01614071
11.0677295
11.11931829
11.17090707
11.22249586
11.27408464
11.32567343
11.37726222
11.428851
11.48043979
11.53202857
11.58361736
11.63520614
11.68679493
11.73838372
11.7899725
11.84156129
11.89315007
11.94473886
11.99632765
12.04791643
12.09950522
12.151094
12.20268279
12.25427157
12.30586036
12.35744915
12.40903793
12.46062672
12.5122155
12.56380429
12.61539308
12.66698186
12.71857065
12.77015943
12.82174822
12.873337
12.92492579
12.97651458
13.02810336
13.07969215
13.13128093
13.18286972
13.23445851
13.28604729
13.33763608
13.38922486
13.44081365
13.49240243
13.54399122
13.59042113
13.63685103
13.68328094
13.72971085
13.77614076
13.82257066
13.86900057
13.91543048
13.96186039
14.00829029
14.0547202
14.10115011
14.14758001
14.19400992
14.24043983
14.28686974
14.33329964
14.37972955
14.42615946
14.47258936
14.51901927
14.56544918
14.61187909
14.65830899
14.7047389
14.75116881
14.79759872
14.84402862
14.89045853
14.93688844
14.98331834
15.02974825
15.07617816
15.12260807
15.16903797
15.21546788
15.26189779
15.3083277
15.3547576
15.40118751
15.44761742
15.49404732
15.54047723
15.58690714
15.63333705
15.67976695
15.72619686
15.77262677
15.81905667
15.86548658
15.91191649
15.9583464
16.0047763
16.05120621
16.09763612
16.14406603
16.19049593
16.23692584
16.28335575
16.32978565
16.37621556
16.42264547
16.46907538
16.51550528
16.56193519
16.6083651
16.65479501
16.70122491
16.74765482
16.79408473
16.84051463
16.88694454
16.93337445
16.97980436
17.02623426
17.07266417
17.11909408
17.16552398
17.21195389
17.2583838
17.30481371
17.35124361
17.39767352
17.44410343
17.49053334
17.53696324
17.58339315
17.62982306
17.67625296
17.72268287
17.76911278
17.81554269
17.86197259
17.9084025
17.95483241
