6.038508168
6.091562943
6.144617718
6.197672493
6.250727269
6.303782044
6.356836819
6.409891594
6.462946369
6.516001144
6.569055919
6.622110694
6.675165469
6.728220244
6.781275019
6.834329794
6.88738457
6.940439345
6.99349412
7.046548895
7.09960367
7.152658445
7.20571322
7.258767995
7.31182277
7.364877545
7.41793232
7.470987096
7.524041871
7.577096646
7.630151421
7.683206196
7.736260971
7.789315746
7.842370521
7.895425296
7.948480071
8.001534846
8.054589621
8.107644397
8.160699172
8.213753947
8.266808722
8.319863497
8.372918272
8.425973047
8.479027822
8.532082597
8.585137372
8.638192147
8.691246922
8.744301698
8.797356473
8.850411248
8.903466023
8.956520798
9.009575573
9.062630348
9.115685123
9.163434421
9.211183718
9.258933016
9.306682313
9.354431611
9.402180909
9.449930206
9.497679504
9.545428801
9.593178099
9.640927397
9.688676694
9.736425992
9.784175289
9.831924587
9.879673884
9.927423182
9.97517248
10.02292178
10.07067107
10.11842037
10.16616967
10.21391897
10.26166827
10.30941756
10.35716686
10.40491616
10.45266546
10.50041475
10.54816405
10.59591335
10.64366265
10.69141194
10.73916124
10.78691054
10.83465984
10.88240913
10.93015843
10.97790773
11.02565703
11.07340632
11.12115562
11.16890492
11.21665422
11.26440351
11.31215281
11.35990211
11.40765141
11.4554007
11.50315
11.5508993
11.5986486
11.64639789
11.69414719
11.74189649
11.78964579
11.83739509
11.88514438
11.93289368
11.98064298
12.02839228
12.07614157
12.12389087
12.17164017
12.21938947
12.26713876
12.31488806
12.36263736
12.41038666
12.45813595
12.50588525
12.55363455
12.60138385
12.64913314
12.69688244
12.74463174
12.79238104
12.84013033
12.88787963
12.93562893
12.98337823
13.03112752
13.07887682
13.12662612
13.17437542
13.22212471
13.26987401
13.31762331
13.36537261
13.41312191
13.4608712
13.5086205
13.5563698
13.6041191
13.65186839
13.69961769
13.74736699
13.79511629
13.84286558
13.89061488
13.93836418
13.98611348
14.03386277
14.08161207
14.12936137
14.17711067
14.22485996
14.27260926
14.32035856
14.36810786
14.41585715
14.46360645
14.51135575
14.55910505
14.60685434
14.65460364
14.70235294
14.75010224
14.79785153
14.84560083
14.89335013
14.94109943
14.98884873
15.03659802
15.08434732
15.13209662
15.17984592
15.22759521
15.27534451
15.32309381
15.37084311
15.4185924
15.4663417
15.514091
15.5618403
15.60958959
15.65733889
15.70508819
15.75283749
15.80058678
15.84833608
15.89608538
15.94383468
15.99158397
16.03933327
16.08708257
16.13483187
16.18258116
16.23033046
16.27807976
16.32582906
16.37357836
16.42132765
16.46907695
16.51682625
16.56457555
16.61232484
16.66007414
16.70782344
16.75557274
16.80332203
16.85107133
16.89882063
16.94656993
16.99431922
17.04206852
17.08981782
17.13756712
17.18531641
17.23306571
17.28081501
17.32856431
17.3763136
17.4240629
17.4718122
17.5195615
17.56731079
17.61506009
17.66280939
17.71055869
17.75830798
17.80605728
17.85380658
17.90155588
17.94930518
17.99705447
