6.021205351
6.07923898
6.137272609
6.195306238
6.253339867
6.311373496
6.369407125
6.427440753
6.485474382
6.543508011
6.60154164
6.659575269
6.717608898
6.775642527
6.833676156
6.891709785
6.949743414
7.007777042
7.065810671
7.1238443
7.181877929
7.239911558
7.297945187
7.355978816
7.414012445
7.472046074
7.530079703
7.588113331
7.640343598
7.692573864
7.74480413
7.797034396
7.849264662
7.901494928
7.953725194
8.00595546
8.058185726
8.110415992
8.162646258
8.214876524
8.26710679
8.319337056
8.371567322
8.423797588
8.476027854
8.52825812
8.580488386
8.632718652
8.684948918
8.737179184
8.78940945
8.841639716
8.893869982
8.946100248
8.998330514
9.05056078
9.102791046
9.155021312
9.207251578
9.259481844
9.31171211
9.363942376
9.416172642
9.468402908
9.520633174
9.57286344
9.625093706
9.677323972
9.729554238
9.781784504
9.83401477
9.886245036
9.938475302
9.990705568
10.04293583
10.0951661
10.14739637
10.19962663
10.2518569
10.30408716
10.35631743
10.4085477
10.46077796
10.51300823
10.56523849
10.61746876
10.66969903
10.72192929
10.77415956
10.82638982
10.87862009
10.93085036
10.98308062
11.03531089
11.08754115
11.13977142
11.19200169
11.24423195
11.29646222
11.34869248
11.40092275
11.45315302
11.50538328
11.55761355
11.60984381
11.66207408
11.71430435
11.76653461
11.81876488
11.87099514
11.92322541
11.97545568
12.02768594
12.07991621
12.13214647
12.18437674
12.23660701
12.28883727
12.34106754
12.3932978
12.44552807
12.49775834
12.5499886
12.60221887
12.65444913
12.7066794
12.75890967
12.81113993
12.8633702
12.91560046
12.96783073
13.020061
13.07229126
13.12452153
13.17675179
13.22898206
13.28121233
13.33344259
13.38567286
13.43790312
13.49013339
13.54236366
13.59459392
13.64682419
13.69905446
13.75128472
13.80351499
13.85574525
13.90797552
13.96020579
14.01243605
14.06466632
14.11689658
14.16912685
14.22135712
14.27358738
14.32581765
14.37804791
14.43027818
14.48250845
14.53473871
14.58696898
14.63919924
14.69142951
14.74365978
14.79589004
14.84812031
14.90035057
14.95258084
15.00481111
15.05704137
15.10927164
15.1615019
15.20850914
15.25551638
15.30252362
15.34953086
15.3965381
15.44354534
15.49055258
15.53755982
15.58456706
15.6315743
15.67858154
15.72558878
15.77259602
15.81960326
15.86661049
15.91361773
15.96062497
16.00763221
16.05463945
16.10164669
16.14865393
16.19566117
16.24266841
16.28967565
16.33668289
16.38369013
16.43069737
16.47770461
16.52471185
16.57171909
16.61872633
16.66573356
16.7127408
16.75974804
16.80675528
16.85376252
16.90076976
16.947777
16.99478424
17.04179148
17.08879872
17.13580596
17.1828132
17.22982044
17.27682768
17.32383492
17.37084216
17.4178494
17.46485663
17.51186387
17.55887111
17.60587835
17.65288559
17.69989283
17.74690007
17.79390731
17.84091455
17.88792179
17.93492903
17.98193627
