6.042218671
6.096617292
6.151015912
6.205414533
6.259813154
6.314211774
6.368610395
6.423009015
6.477407636
6.531806257
6.586204877
6.640603498
6.695002118
6.749400739
6.80379936
6.85819798
6.912596601
6.966995222
7.021393842
7.075792463
7.130191083
7.184589704
7.238988325
7.293386945
7.347785566
7.402184186
7.456582807
7.510981428
7.565380048
7.619778669
7.67417729
7.72857591
7.782974531
7.837373151
7.891771772
7.946170393
8.000569013
8.054967634
8.109366254
8.163764875
8.218163496
8.272562116
8.326960737
8.381359358
8.435757978
8.490156599
8.544555219
8.59895384
8.653352461
8.707751081
8.762149702
8.816548322
8.870946943
8.925345564
8.979744184
9.034142805
9.088541425
9.142940046
9.197338667
9.251737287
9.306135908
9.360534529
9.414933149
9.46933177
9.52373039
9.578129011
9.632527632
9.686926252
9.741324873
9.795723493
9.850122114
9.904520735
9.958919355
10.01331798
10.0677166
10.12211522
10.17651384
10.23091246
10.28531108
10.3397097
10.39410832
10.44850694
10.50290556
10.55730418
10.6117028
10.66610142
10.72050004
10.77489866
10.82929729
10.88369591
10.93809453
10.99249315
11.04689177
11.10129039
11.15568901
11.21008763
11.26448625
11.31888487
11.37328349
11.42768211
11.48208073
11.53647935
11.59087797
11.64527659
11.69967522
11.75407384
11.80847246
11.86287108
11.9172697
11.97166832
12.02606694
12.08046556
12.13486418
12.1892628
12.24366142
12.29806004
12.35245866
12.40685728
12.4612559
12.51565452
12.57005314
12.62445177
12.67885039
12.73324901
12.78764763
12.83660639
12.88556514
12.9345239
12.98348266
13.03244142
13.08140018
13.13035894
13.1793177
13.22827645
13.27723521
13.32619397
13.37515273
13.42411149
13.47307025
13.52202901
13.57098776
13.61994652
13.66890528
13.71786404
13.7668228
13.81578156
13.86474032
13.91369907
13.96265783
14.01161659
14.06057535
14.10953411
14.15849287
14.20745163
14.25641038
14.30536914
14.3543279
14.40328666
14.45224542
14.50120418
14.55016294
14.59912169
14.64808045
14.69703921
14.74599797
14.79495673
14.84391549
14.89287425
14.941833
14.99079176
15.03975052
15.08870928
15.13766804
15.1866268
15.23558555
15.28454431
15.33350307
15.38246183
15.43142059
15.48037935
15.52933811
15.57829686
15.62725562
15.67621438
15.72517314
15.7741319
15.82309066
15.87204942
15.92100817
15.96996693
16.01892569
16.06788445
16.11684321
16.16580197
16.21476073
16.26371948
16.31267824
16.361637
16.41059576
16.45955452
16.50851328
16.55747204
16.60643079
16.65538955
16.70434831
16.75330707
16.80226583
16.85122459
16.90018335
16.9491421
16.99810086
17.04705962
17.09601838
17.14497714
17.1939359
17.24289466
17.29185341
17.34081217
17.38977093
17.43872969
17.48768845
17.53664721
17.58560597
17.63456472
17.68352348
17.73248224
17.781441
17.83039976
17.87935852
17.92831728
17.97727603
