6.043964112
6.096191682
6.148419251
6.20064682
6.252874389
6.305101958
6.357329527
6.409557096
6.461784665
6.514012235
6.566239804
6.618467373
6.670694942
6.722922511
6.77515008
6.827377649
6.879605218
6.931832787
6.984060357
7.036287926
7.088515495
7.140743064
7.192970633
7.245198202
7.297425771
7.34965334
7.40188091
7.454108479
7.506336048
7.558563617
7.610791186
7.663018755
7.715246324
7.767473893
7.819701463
7.871929032
7.924156601
7.97638417
8.028611739
8.080839308
8.133066877
8.185294446
8.237522016
8.289749585
8.341977154
8.394204723
8.446432292
8.498659861
8.55088743
8.603114999
8.655342569
8.707570138
8.759797707
8.812025276
8.864252845
8.916480414
8.968707983
9.020935552
9.073163121
9.125390691
9.17761826
9.229845829
9.282073398
9.334300967
9.386528536
9.438756105
9.490983674
9.543211244
9.595438813
9.647666382
9.699893951
9.75212152
9.804349089
9.856576658
9.908804227
9.961031797
10.01325937
10.06548693
10.1177145
10.16994207
10.22216964
10.27439721
10.32662478
10.37885235
10.43107992
10.48330749
10.53553506
10.58776263
10.6399902
10.69221776
10.74444533
10.7966729
10.84890047
10.90112804
10.95335561
11.00558318
11.05781075
11.11003832
11.16226589
11.21449346
11.26672102
11.31894859
11.37117616
11.42340373
11.4756313
11.52785887
11.58008644
11.63231401
11.68454158
11.73676915
11.78899672
11.84122428
11.89345185
11.94567942
11.99790699
12.05013456
12.10236213
12.1545897
12.20681727
12.25904484
12.31127241
12.36349998
12.41572755
12.46795511
12.52018268
12.57241025
12.62463782
12.67686539
12.72909296
12.78132053
12.8335481
12.88577567
12.93278048
12.97978529
13.0267901
13.07379492
13.12079973
13.16780454
13.21480935
13.26181417
13.30881898
13.35582379
13.4028286
13.44983341
13.49683823
13.54384304
13.59084785
13.63785266
13.68485747
13.73186229
13.7788671
13.82587191
13.87287672
13.91988154
13.96688635
14.01389116
14.06089597
14.10790078
14.1549056
14.20191041
14.24891522
14.29592003
14.34292485
14.38992966
14.43693447
14.48393928
14.53094409
14.57794891
14.62495372
14.67195853
14.71896334
14.76596816
14.81297297
14.85997778
14.90698259
14.9539874
15.00099222
15.04799703
15.09500184
15.14200665
15.18901147
15.23601628
15.28302109
15.3300259
15.37703071
15.42403553
15.47104034
15.51804515
15.56504996
15.61205478
15.65905959
15.7060644
15.75306921
15.80007402
15.84707884
15.89408365
15.94108846
15.98809327
16.03509809
16.0821029
16.12910771
16.17611252
16.22311733
16.27012215
16.31712696
16.36413177
16.41113658
16.4581414
16.50514621
16.55215102
16.59915583
16.64616064
16.69316546
16.74017027
16.78717508
16.83417989
16.88118471
16.92818952
16.97519433
17.02219914
17.06920395
17.11620877
17.16321358
17.21021839
17.2572232
17.30422802
17.35123283
17.39823764
17.44524245
17.49224726
17.53925208
17.58625689
17.6332617
17.68026651
17.72727132
17.77427614
17.82128095
17.86828576
17.91529057
17.96229539
