6.036062703
6.088501892
6.140941082
6.193380271
6.24581946
6.298258649
6.350697838
6.403137027
6.455576217
6.508015406
6.560454595
6.612893784
6.665332973
6.717772163
6.770211352
6.822650541
6.87508973
6.927528919
6.979968109
7.032407298
7.084846487
7.137285676
7.189724865
7.242164054
7.294603244
7.347042433
7.399481622
7.451920811
7.50436
7.55679919
7.609238379
7.661677568
7.714116757
7.766555946
7.818995136
7.871434325
7.923873514
7.976312703
8.028751892
8.081191081
8.133630271
8.18606946
8.238508649
8.290947838
8.343387027
8.395826217
8.448265406
8.500704595
8.553143784
8.605582973
8.658022163
8.710461352
8.762900541
8.81533973
8.867778919
8.920218109
8.972657298
9.025096487
9.077535676
9.129974865
9.182414054
9.234853244
9.287292433
9.339731622
9.392170811
9.44461
9.49704919
9.549488379
9.601927568
9.654366757
9.706805946
9.759245136
9.811684325
9.864123514
9.916562703
9.969001892
10.02144108
10.07388027
10.12631946
10.17875865
10.23119784
10.28363703
10.33607622
10.38851541
10.44095459
10.49339378
10.54583297
10.59827216
10.65071135
10.70315054
10.75558973
10.80802892
10.86046811
10.9129073
10.96534649
11.01778568
11.07022487
11.12266405
11.17510324
11.22754243
11.27998162
11.33242081
11.38486
11.43729919
11.48973838
11.54217757
11.59461676
11.64705595
11.69949514
11.75193432
11.80437351
11.8568127
11.90925189
11.96169108
12.01413027
12.06656946
12.11900865
12.17144784
12.22388703
12.27632622
12.32876541
12.38120459
12.43364378
12.48083905
12.52803432
12.57522959
12.62242487
12.66962014
12.71681541
12.76401068
12.81120595
12.85840122
12.90559649
12.95279176
12.99998703
13.0471823
13.09437757
13.14157284
13.18876811
13.23596338
13.28315865
13.33035392
13.37754919
13.42474446
13.47193973
13.519135
13.56633027
13.61352554
13.66072081
13.70791608
13.75511135
13.80230662
13.84950189
13.89669716
13.94389243
13.9910877
14.03828297
14.08547824
14.13267351
14.17986878
14.22706405
14.27425932
14.32145459
14.36864987
14.41584514
14.46304041
14.51023568
14.55743095
14.60462622
14.65182149
14.69901676
14.74621203
14.7934073
14.84060257
14.88779784
14.93499311
14.98218838
15.02938365
15.07657892
15.12377419
15.17096946
15.21816473
15.26536
15.31255527
15.35975054
15.40694581
15.45414108
15.50133635
15.54853162
15.59572689
15.64292216
15.69011743
15.7373127
15.78450797
15.83170324
15.87889851
15.92609378
15.97328905
16.02048432
16.06767959
16.11487487
16.16207014
16.20926541
16.25646068
16.30365595
16.35085122
16.39804649
16.44524176
16.49243703
16.5396323
16.58682757
16.63402284
16.68121811
16.72841338
16.77560865
16.82280392
16.86999919
16.91719446
16.96438973
17.011585
17.05878027
17.10597554
17.15317081
17.20036608
17.24756135
17.29475662
17.34195189
17.38914716
17.43634243
17.4835377
17.53073297
17.57792824
17.62512351
17.67231878
17.71951405
17.76670932
17.81390459
17.86109987
17.90829514
17.95549041
